[0m[7m[38;2;0;154;243m▎[0m[38;2;0;159;251;48;2;0;161;252m▃[38;2;1;160;251;48;2;0;162;252m▃[38;2;0;160;251m▃[38;2;1;160;251m▃▄▄[48;2;0;161;252m▄[38;2;0;159;251;48;2;0;162;252m▃[38;2;0;82;129;48;2;0;160;251m▗[0m[38;2;1;105;165m▘  [38;2;0;124;196m▗[7m[38;2;0;158;247m▘[0m[38;2;0;159;250;48;2;0;162;252m▃[38;2;0;160;251;48;2;1;163;252m▃[38;2;1;160;250;48;2;0;163;252m▃[38;2;1;160;251;48;2;1;164;252m▄[48;2;0;163;252m▄[38;2;1;162;251;48;2;0;161;251m╴[0m[7m[38;2;0;155;242m▃[0m[38;2;1;111;173m▘ [0m
[7m[38;2;0;152;248m▎[0m[38;2;0;152;248;48;2;1;157;250m▄[38;2;0;153;248;48;2;1;158;250m▄[38;2;1;154;249;48;2;0;157;250m▄[38;2;1;153;249m▄[48;2;1;157;250m▄[38;2;0;152;248;48;2;0;157;250m▄[38;2;0;151;248;48;2;0;156;250m▄[0m[7m[38;2;0;148;240m▗[0m [38;2;0;7;12m [0m [38;2;0;137;226m▄[38;2;0;153;249;48;2;0;152;247m┊[38;2;0;151;248;48;2;0;155;249m▄[48;2;0;156;249m▄[38;2;1;152;248;48;2;1;156;249m▄[38;2;1;151;248m▄[38;2;1;153;249;48;2;0;152;248m┊[0m[7m[38;2;0;148;239m▃[38;2;0;109;174m▆[0m[38;2;0;10;16m   [0m
[7m[38;2;0;143;245m▎[0m[38;2;0;144;245;48;2;0;148;247m▄[48;2;1;149;247m▄[38;2;0;144;246m▅[48;2;0;149;248m▅[38;2;1;144;245;48;2;1;149;247m▅[38;2;0;142;245;48;2;0;147;247m▄[0m[7m[38;2;0;126;214m▗[0m [38;2;0;0;0m [38;2;0;121;210m▗[38;2;0;79;134;48;2;0;142;244m▘[38;2;1;142;244;48;2;0;146;246m▄[38;2;0;141;244;48;2;0;147;246m▄▄▄[38;2;0;143;245;48;2;0;139;239m┊[0m[7m[38;2;0;132;226m▃[38;2;0;91;155m▆[0m[38;2;0;6;10m     [0m
[7m[38;2;0;135;241m▎[0m[38;2;0;135;241;48;2;0;139;244m▄[48;2;1;140;244m▄[38;2;0;134;241;48;2;0;139;244m▄[48;2;0;140;244m▅[38;2;0;132;240;48;2;0;138;243m▄[0m[7m[38;2;0;100;178m▗[0m  [7m[38;2;0;109;197m▘[0m[38;2;0;134;241;48;2;0;135;241m╴[38;2;0;132;240;48;2;0;138;242m▄[48;2;0;137;242m▄[38;2;0;131;239;48;2;0;136;242m▃[0m[7m[38;2;0;129;232m▁[38;2;0;123;218m▄[38;2;1;75;132m▇[0m[38;2;0;5;10m       [0m
[7m[38;2;0;126;236m▎[0m[38;2;0;125;236;48;2;0;130;239m▄[38;2;0;124;235;48;2;0;129;238m▃▃[38;2;0;127;237;48;2;0;125;235m┊[0m[38;2;0;127;236m▘ [38;2;1;105;199m▗[38;2;0;75;138;48;2;0;126;236m▘[38;2;0;123;235;48;2;0;129;238m▄▄[38;2;0;125;237;48;2;0;123;232m┊[0m[7m[38;2;0;122;230m▃[38;2;0;98;184m▅[0m [38;2;83;168;6m▂[0m [38;2;0;0;0m       [0m
[7m[38;2;0;116;229m▎[0m[38;2;0;115;229;48;2;0;120;233m▄[48;2;0;120;232m▄[38;2;0;118;231;48;2;0;115;226m┊[0m[38;2;0;115;221m▘[0m [7m[38;2;0;84;168m▘[0m[38;2;0;117;231;48;2;0;116;229m┊[38;2;0;114;228;48;2;0;120;232m▄[0m[7m[38;2;0;116;227m▂[38;2;0;102;200m▄[38;2;0;66;129m▇[0m[38;2;52;116;7m▂[38;2;88;196;10m▄[38;2;99;214;10m▆[38;2;98;216;10;48;2;104;219;7m▄[0m[7m[38;2;93;203;9m▝[0m [38;2;36;81;5m      [0m
[7m[38;2;0;107;222m▎[0m[38;2;0;107;222;48;2;0;111;226m▄[38;2;0;110;225;48;2;0;106;218m┊[0m[38;2;0;101;205m▘[0m [7m[38;2;0;100;211m▘[0m[38;2;0;107;223;48;2;0;103;215m┊[0m[7m[38;2;0;100;208m▃[38;2;0;85;174m▆[0m [38;2;72;192;22m▃[38;2;78;199;20m▆[38;2;85;211;19;48;2;83;209;20m┊[38;2;78;207;24;48;2;88;212;16m▄[38;2;78;207;23m▄[38;2;79;208;23;48;2;89;213;16m▄[48;2;89;212;15m▄[38;2;77;195;18;48;2;50;114;7m▇[0m[38;2;57;153;16m▖     [0m
[7m[38;2;0;98;214m▎[0m[38;2;0;101;217;48;2;0;98;210m┊[0m[38;2;0;92;196m▘[38;2;1;66;144m▗[38;2;0;93;201;48;2;0;59;124m▇[38;2;0;98;214;48;2;0;101;217m▄[0m[7m[38;2;0;96;209m▝[0m [38;2;0;0;0m [0m [7m[38;2;65;200;31m▖[0m[38;2;57;198;37;48;2;68;203;31m▄[38;2;58;198;36m▄[38;2;58;199;37;48;2;68;203;30m▄[38;2;58;199;36;48;2;68;203;29m▄[38;2;58;199;35m▄[38;2;58;198;35;48;2;69;203;29m▄[38;2;59;199;35;48;2;70;204;29m▄[38;2;66;202;31;48;2;62;195;31m┊[0m[38;2;57;194;35m▖    [0m
[7m[38;2;0;88;202m▎[0m[38;2;0;86;193m▘[38;2;1;66;154m▗[38;2;0;92;207;48;2;0;84;192m┊[38;2;0;89;205;48;2;0;94;210m▄[38;2;0;88;204;48;2;0;93;209m▃[38;2;0;88;203m▄[0m[7m[38;2;0;81;188m▝[0m [38;2;0;0;0m [0m [7m[38;2;39;171;37m▖[0m[38;2;34;189;45;48;2;46;193;41m▄[38;2;35;189;46;48;2;47;194;41m▄[38;2;36;189;46;48;2;48;194;42m▄[38;2;36;190;46;48;2;48;194;41m▄[48;2;47;194;41m▄[38;2;36;190;45;48;2;48;195;41m▄[38;2;35;190;45;48;2;47;194;39m▄[38;2;36;190;45m▄[0m[7m[38;2;31;157;36m▝[0m [38;2;0;0;0m  [0m
[38;2;1;70;166m╹[38;2;0;49;126m▗[38;2;0;79;194;48;2;0;72;180m┊[38;2;0;77;191;48;2;0;83;198m▄[38;2;0;76;191;48;2;0;84;198m▄[38;2;0;76;190;48;2;0;83;198m▄[38;2;0;75;189;48;2;0;82;196m▄[38;2;0;74;189;48;2;0;80;196m▄[0m[7m[38;2;0;74;187m▝[0m[38;2;0;45;118m▖  [7m[38;2;17;135;35m▅[38;2;19;173;49m▂[0m[38;2;15;183;55;48;2;17;183;53m┈[38;2;11;181;56;48;2;23;186;51m▄▄[38;2;10;182;56m▄[38;2;10;182;57;48;2;22;186;50m▄[38;2;10;182;55;48;2;23;186;50m▄[38;2;10;182;54;48;2;23;186;51m▄[0m[7m[38;2;14;180;53m▝[0m[38;2;5;105;32m▖ [0m
 [38;2;1;35;93;48;2;0;67;181m▘[38;2;0;64;178;48;2;0;70;184m▃[38;2;0;69;182;48;2;0;66;176m┊[0m[7m[38;2;0;67;179m▂[38;2;0;64;172m▃[38;2;0;60;160m▄[38;2;0;68;182m▆[38;2;1;51;135m▆[38;2;1;39;104m▇[0m[38;2;0;0;0m    [7m[38;2;3;120;40m▇[38;2;3;167;57m▅[38;2;2;167;58m▃[38;2;2;173;60m▂[38;2;2;173;61m▁[0m[38;2;2;133;50;48;2;2;174;61m▁[38;2;1;171;63;48;2;3;177;60m▄[38;2;1;172;64m▄[38;2;1;174;62;48;2;2;164;58m╴[0m[38;2;2;160;59m▖[0m
[38;2;0;55;159m▝[7m[38;2;0;56;165m▄[38;2;0;52;151m▆[0m [38;2;0;0;0m                [0m    [0m
